Exercise 3
Do the following conversions from decimal number to other number systems.

(i) (54)10 = (?)2
     2 | 54
     2 | 27       0
     2 | 13       1
     2 | 6        1
     2 | 3        0
     2 | 1        1 
     2 | 0        1
     (110110)2
     

(ii) (120)10 = (?)2
     2 | 120
     2 | 60       0
     2 | 30       0
     2 | 15       0
     2 | 7        1
     2 | 3        1
     2 | 1        1
     2 | 0        1
     (1111000)2

(iii) (76)10 = (?)8
       8 | 76 
       8 | 9     4 
       8 | 1     1
       8 | 0     1
       (114)8
       

(iv) (889)10 = (?)8
      8 | 889
      8 | 111      1
      8 | 13       7
      8 | 1        5
      8 | 0        1
      (1571)8

(v) (789)10 = (?)16
      16 | 789 
      16 | 49      5
      16 | 3       1
      16 | 0       3
      (315)16

(vi) (108)10 = (?)16
      16 | 108 
      16 |  6   12
      16 |  0    6
      (6C)16